40|3397|4
41||ALAN RODRIGUES DE LIMA|01806356201||04081996|0|1|ANA LUCIA RODRIGUES DE LIMA|1|13|1302603|BRA|0|||||||||||||
42||87925|||3|2||||012015|1|1|0|0|0|0|0|0|0|0|0|0|||||0||||||0||||||||||||0|||||||0|||||||||3020|224040|3397|4
41||CAMILA NOGUEIRA DA COSTA|94825386253||29081988|0|3|FRANCISCA NOGUEIRA DA COSTA|1|13|1302603|BRA|0|||||||||||||
42||87925|||3|2||||012015|1|1|0|0|0|0|0|0|0|0|0|0|||||0||||||0||||||||||||0|||||||0|||||||||3020|224040|3397|4
41||JULIANA RAQUEL ALVES DE MELO|03177067210||24051995|1|0|MARIA JOSANE PAES ALVES DE MELO|1|13|1302603|BRA|2|||||||||||||
42||87925|||3|2||||012015|2|1|0|0|0|0|0|0|0|0|0|0|||||0||||||0||||||||||||0|||||||0|||||||||3020|224040|3397|4
41||PRISCILA KEYLIANE PICANCA DOS SANTOS|02954025204||03121994|1|3|SHEYLA DA SILVA PICANÇA|1|13|1302603|BRA|0|||||||||||||
42||87925|||3|2||||012015|1|1|0|0|0|0|0|0|0|0|0|0|||||0||||||0||||||||||||0|||||||0|||||||||3020|224040|3397|4
41||ROSIANE SANTOS DE SOUZA|03189590206||14111996|0|0|ROSILENE SANTOS DE SOUZA|1|13|1302603|BRA|0|||||||||||||
42||87925|||3|2||||012015|1|1|0|0|0|0|0|0|0|0|0|0|||||0||||||0||||||||||||0|||||||0|||||||||3020|224040|3397|4
41||SINTIA MARIA PINHEIRO DE LIMA|64004767253||16101974|1|0|ALBERTINA PINHEIRO DA COSTA|1|13|1304104|BRA|0|||||||||||||
42||87925|||3|2||||012015|1|1|0|0|0|0|0|0|0|0|0|0|||||0||||||0||||||||||||0|||||||0|||||||||3020|224040|3397|4
41||ALAN RODRIGUES DE LIMA|01806356201||04081996|0|1|ANA LUCIA RODRIGUES DE LIMA|1|13|1302603|BRA|0|||||||||||||
42||87925|||3|2||||012015|1|1|0|0|0|0|0|0|0|0|0|0|||||0||||||0||||||||||||0|||||||0|||||||||3020|224040|3397|4
41||CAMILA NOGUEIRA DA COSTA|94825386253||29081988|0|3|FRANCISCA NOGUEIRA DA COSTA|1|13|1302603|BRA|0|||||||||||||
42||87925|||3|2||||012015|1|1|0|0|0|0|0|0|0|0|0|0|||||0||||||0||||||||||||0|||||||0|||||||||3020|224040|3397|4
41||JULIANA RAQUEL ALVES DE MELO|03177067210||24051995|1|0|MARIA JOSANE PAES ALVES DE MELO|1|13|1302603|BRA|2|||||||||||||
42||87925|||3|2||||012015|2|1|0|0|0|0|0|0|0|0|0|0|||||0||||||0||||||||||||0|||||||0|||||||||3020|224040|3397|4
41||PRISCILA KEYLIANE PICANCA DOS SANTOS|02954025204||03121994|1|3|SHEYLA DA SILVA PICANÇA|1|13|1302603|BRA|0|||||||||||||
42||87925|||3|2||||012015|1|1|0|0|0|0|0|0|0|0|0|0|||||0||||||0||||||||||||0|||||||0|||||||||3020|224040|3397|4
41||ROSIANE SANTOS DE SOUZA|03189590206||14111996|0|0|ROSILENE SANTOS DE SOUZA|1|13|1302603|BRA|0|||||||||||||
42||87925|||3|2||||012015|1|1|0|0|0|0|0|0|0|0|0|0|||||0||||||0||||||||||||0|||||||0|||||||||3020|224040|3397|4
41||SINTIA MARIA PINHEIRO DE LIMA|64004767253||16101974|1|0|ALBERTINA PINHEIRO DA COSTA|1|13|1304104|BRA|0|||||||||||||
42||87925|||3|2||||012015|1|1|0|0|0|0|0|0|0|0|0|0|||||0||||||0||||||||||||0|||||||0|||||||||3020|2240